Starting Dynare (version 7.0).
Calling Dynare with arguments: noclearall
Starting preprocessing of the model file ... 
WARNING: Parameter(s) omegap thetap phi thetaw  not used in the model 
Found 15 equation(s). 
Evaluating expressions... 
Computing static model derivatives (order 1). 
Normalizing the static model... 
Finding the optimal block decomposition of the static model... 
3 block(s) found: 
  2 recursive block(s) and 1 simultaneous block(s). 
  the largest simultaneous block has 13 equation(s) 
                                 and 13 feedback variable(s). 
Computing dynamic model derivatives (order 2). 
Normalizing the dynamic model... 
Finding the optimal block decomposition of the dynamic model... 
2 block(s) found: 
  1 recursive block(s) and 1 simultaneous block(s). 
  the largest simultaneous block has 13 equation(s) 
                                 and 11 feedback variable(s). 
Preprocessing completed. 
Preprocessing time: 0h00m01s.

STEADY-STATE RESULTS:

pi 		 0
mc 		 0
rk 		 0
w  		 0
r  		 0
a  		 0
u  		 0
n  		 0
c  		 0
l  		 0
q  		 0
i  		 0
k  		 0
y  		 0
g  		 0

EIGENVALUES:
         Modulus             Real        Imaginary
          0.3951           0.3951                0
          0.7881           0.7881                0
          0.8281           0.7974           0.2234
          0.8281           0.7974          -0.2234
            0.89             0.89                0
             0.9              0.9                0
            0.94             0.94                0
          0.9975           0.9975                0
           1.011            1.011                0
           1.014            1.014                0
           1.192            1.192                0
           1.347            1.347                0
           2.529            2.529                0
             Inf              Inf                0

There are 6 eigenvalue(s) larger than 1 in modulus for 6 forward-looking variable(s).
The order and rank conditions are verified.


MODEL SUMMARY

  Number of variables:         15
  Number of stochastic shocks: 4
  Number of state variables:   8
  Number of jumpers:           6
  Number of static variables:  5


MATRIX OF COVARIANCE OF EXOGENOUS SHOCKS
Variables        epsp      epsz      epsa      epsg
epsp         0.000000  0.000000  0.000000  0.000000
epsz         0.000000  0.062500  0.000000  0.000000
epsa         0.000000  0.000000  0.000000  0.000000
epsg         0.000000  0.000000  0.000000  0.000000

POLICY AND TRANSITION FUNCTIONS
                                  pi              mc              rk               w               r               a               u               n               c               l               q               i               k               y               g
r(-1)                      -0.085897        0.155499       -0.013012       -0.494551        0.744836               0       -1.301212       -1.564510       -0.914785       -1.564510       -2.574139       -1.442996       -0.036075       -1.469723               0
a(-1)                      -0.484321       -0.631088       -0.005792        0.567806       -0.144374        0.900000       -0.579196       -1.008421       -0.006925       -1.008421       -0.218215        0.900176        0.022504        0.046100               0
k(-1)                      -0.002175       -0.013511       -0.015075       -0.001797       -0.010834               0       -1.507495       -0.509939        0.105980       -0.509939        0.168839        0.278458        0.981961       -0.509059               0
g(-1)                       0.006488        0.008183        0.002438        0.004706        0.006708               0        0.243827        0.234852       -0.026311        0.234852       -0.056289       -0.105049       -0.002626        0.238083        0.900000
pi(-1)                      0.717507       -0.016356       -0.006472       -0.224421        0.202506               0       -0.647203       -0.631760       -0.208906       -0.631760       -0.533079       -0.781688       -0.019542       -0.637320               0
w(-1)                       0.186000        0.327099        0.003408        0.453033        0.056142               0        0.340795       -0.164972       -0.045436       -0.164972       -0.094040       -0.327226       -0.008181        0.017104               0
c(-1)                       0.013289        0.018126        0.004770        0.012381        0.013259               0        0.476955        0.456085        0.621940        0.456085       -0.070340       -0.099282       -0.002482        0.463598               0
i(-1)                       0.015016        0.015730        0.004308        0.009262        0.012893               0        0.430825        0.412979       -0.036717        0.412979       -0.094920        0.752606        0.018815        0.419403               0
epsp                        0.267720       -0.172998       -0.004977       -0.341233        0.073723               0       -0.497655       -0.235121       -0.082340       -0.235121       -0.221144       -0.228912       -0.005723       -0.329633               0
epsz                       -0.107372        0.194373       -0.016265       -0.618188        0.931045               0       -1.626515       -1.955637       -1.143482       -1.955637       -3.217673       -1.803745       -0.045094       -1.837153               0
epsa                       -0.538134       -0.701209       -0.006436        0.630896       -0.160416        1.000000       -0.643552       -1.120467       -0.007694       -1.120467       -0.242461        1.000195        0.025005        0.051222               0
epsg                        0.007209        0.009092        0.002709        0.005229        0.007453               0        0.270919        0.260946       -0.029235        0.260946       -0.062543       -0.116721       -0.002918        0.264537        1.000000


THEORETICAL MOMENTS
VARIABLE         MEAN  STD. DEV.   VARIANCE
pi             0.0000     0.2562     0.0657
mc             0.0000     0.1042     0.0109
rk             0.0000     0.0122     0.0001
w              0.0000     0.3238     0.1048
r              0.0000     0.3027     0.0916
a              0.0000     0.0000     0.0000
u              0.0000     1.2162     1.4791
n              0.0000     1.1128     1.2382
c              0.0000     0.6311     0.3982
l              0.0000     1.1128     1.2382
q              0.0000     1.0297     1.0603
i              0.0000     1.0575     1.1182
k              0.0000     0.3100     0.0961
y              0.0000     1.1355     1.2893
g              0.0000     0.0000     0.0000



VARIANCE DECOMPOSITION (in percent)
        epsp    epsz    epsa    epsg
pi      0.00  100.00    0.00    0.00
mc      0.00  100.00    0.00    0.00
rk      0.00  100.00    0.00    0.00
w       0.00  100.00    0.00    0.00
r       0.00  100.00    0.00    0.00
a       0.00  100.00    0.00    0.00
u       0.00  100.00    0.00    0.00
n       0.00  100.00    0.00    0.00
c       0.00  100.00    0.00    0.00
l       0.00  100.00    0.00    0.00
q       0.00  100.00    0.00    0.00
i       0.00  100.00    0.00    0.00
k       0.00  100.00    0.00    0.00
y       0.00  100.00    0.00    0.00
g       0.00  100.00    0.00    0.00



MATRIX OF CORRELATIONS
Variables         pi       mc       rk        w        r        u        n        c        l        q        i        k        y
pi            1.0000   0.7134   0.5894   0.5435  -0.2111   0.5894   0.6248   0.7154   0.6248   0.2320   0.6039   0.3140   0.6456
mc            0.7134   1.0000   0.5393   0.4055   0.0918   0.5393   0.4805   0.4840   0.4805  -0.0948   0.4648   0.1383   0.5193
rk            0.5894   0.5393   1.0000   0.9502  -0.7489   1.0000   0.9646   0.9119   0.9646   0.7394   0.8635  -0.1593   0.9671
w             0.5435   0.4055   0.9502   1.0000  -0.8730   0.9502   0.9941   0.9687   0.9941   0.8708   0.9622   0.0775   0.9894
r            -0.2111   0.0918  -0.7489  -0.8730   1.0000  -0.7489  -0.8267  -0.7964  -0.8267  -0.9991  -0.7988  -0.0049  -0.8009
u             0.5894   0.5393   1.0000   0.9502  -0.7489   1.0000   0.9646   0.9119   0.9646   0.7394   0.8635  -0.1593   0.9671
n             0.6248   0.4805   0.9646   0.9941  -0.8267   0.9646   1.0000   0.9814   1.0000   0.8258   0.9610   0.0806   0.9990
c             0.7154   0.4840   0.9119   0.9687  -0.7964   0.9119   0.9814   1.0000   0.9814   0.8036   0.9670   0.2227   0.9813
l             0.6248   0.4805   0.9646   0.9941  -0.8267   0.9646   1.0000   0.9814   1.0000   0.8258   0.9610   0.0806   0.9990
q             0.2320  -0.0948   0.7394   0.8708  -0.9991   0.7394   0.8258   0.8036   0.8258   1.0000   0.8040   0.0380   0.8000
i             0.6039   0.4648   0.8635   0.9622  -0.7988   0.8635   0.9610   0.9670   0.9610   0.8040   1.0000   0.3321   0.9606
k             0.3140   0.1383  -0.1593   0.0775  -0.0049  -0.1593   0.0806   0.2227   0.0806   0.0380   0.3321   1.0000   0.0871
y             0.6456   0.5193   0.9671   0.9894  -0.8009   0.9671   0.9990   0.9813   0.9990   0.8000   0.9606   0.0871   1.0000



COEFFICIENTS OF AUTOCORRELATION
Order           1        2        3        4        5
pi         0.9267   0.7333   0.4795   0.2264   0.0191
mc         0.5468   0.1586  -0.1203  -0.2764  -0.3226
rk         0.8587   0.5462   0.2086  -0.0646  -0.2332
w          0.8125   0.4686   0.1174  -0.1542  -0.3116
r          0.5983   0.2419  -0.0279  -0.1937  -0.2612
u          0.8587   0.5462   0.2086  -0.0646  -0.2332
n          0.8328   0.5087   0.1664  -0.1088  -0.2786
c          0.8403   0.5454   0.2392  -0.0058  -0.1589
l          0.8328   0.5087   0.1664  -0.1088  -0.2786
q          0.5884   0.2382  -0.0207  -0.1771  -0.2393
i          0.8416   0.5342   0.2063  -0.0594  -0.2242
k          0.9966   0.9875   0.9751   0.9618   0.9496
y          0.8417   0.5165   0.1692  -0.1112  -0.2847
